+------------------------------------------------------------------------------------------------------------------------------------------------------------------------------------------------------------------------------------------------------------+
; Legal Partition Candidates                                                                                                                                                                                                                                 ;
+-------------------------------------------------------+-------+----------------+--------------+----------------+--------+-----------------+---------------+-----------------+-------+----------------+--------------+------------------+-------------------+
; Hierarchy                                             ; Input ; Constant Input ; Unused Input ; Floating Input ; Output ; Constant Output ; Unused Output ; Floating Output ; Bidir ; Constant Bidir ; Unused Bidir ; Input only Bidir ; Output only Bidir ;
+-------------------------------------------------------+-------+----------------+--------------+----------------+--------+-----------------+---------------+-----------------+-------+----------------+--------------+------------------+-------------------+
; u100|u0                                               ; 4     ; 0              ; 0            ; 0              ; 9      ; 0               ; 0             ; 0               ; 0     ; 0              ; 0            ; 0                ; 0                 ;
; u100                                                  ; 1     ; 0              ; 0            ; 0              ; 8      ; 0               ; 0             ; 0               ; 2     ; 0              ; 0            ; 0                ; 0                 ;
; u3                                                    ; 10    ; 0              ; 0            ; 0              ; 2      ; 0               ; 0             ; 0               ; 0     ; 0              ; 0            ; 0                ; 0                 ;
; uart_rx_u                                             ; 4     ; 2              ; 0            ; 2              ; 9      ; 2               ; 2             ; 2               ; 0     ; 0              ; 0            ; 0                ; 0                 ;
; u1                                                    ; 3     ; 0              ; 0            ; 0              ; 33     ; 0               ; 0             ; 0               ; 0     ; 0              ; 0            ; 0                ; 0                 ;
; u0|altpll_component|auto_generated                    ; 2     ; 0              ; 0            ; 0              ; 5      ; 0               ; 0             ; 0               ; 0     ; 0              ; 0            ; 0                ; 0                 ;
; u0                                                    ; 1     ; 0              ; 0            ; 0              ; 1      ; 0               ; 0             ; 0               ; 0     ; 0              ; 0            ; 0                ; 0                 ;
; motor1|PWM2                                           ; 8     ; 0              ; 0            ; 0              ; 1      ; 0               ; 0             ; 0               ; 0     ; 0              ; 0            ; 0                ; 0                 ;
; motor1|PWM1                                           ; 8     ; 0              ; 0            ; 0              ; 1      ; 0               ; 0             ; 0               ; 0     ; 0              ; 0            ; 0                ; 0                 ;
; motor1                                                ; 23    ; 14             ; 0            ; 14             ; 8      ; 14              ; 14            ; 14              ; 0     ; 0              ; 0            ; 0                ; 0                 ;
; MIC|fft_view_u                                        ; 78    ; 9              ; 0            ; 9              ; 10     ; 9               ; 9             ; 9               ; 0     ; 0              ; 0            ; 0                ; 0                 ;
; MIC|fft_stream_u|fifo_u                               ; 36    ; 1              ; 0            ; 1              ; 34     ; 1               ; 1             ; 1               ; 0     ; 0              ; 0            ; 0                ; 0                 ;
; MIC|fft_stream_u|fft_ip_u|SU5|MU                      ; 128   ; 0              ; 0            ; 0              ; 64     ; 0               ; 0             ; 0               ; 0     ; 0              ; 0            ; 0                ; 0                 ;
; MIC|fft_stream_u|fft_ip_u|SU5|TW                      ; 11    ; 0              ; 0            ; 0              ; 64     ; 0               ; 0             ; 0               ; 0     ; 0              ; 0            ; 0                ; 0                 ;
; MIC|fft_stream_u|fft_ip_u|SU5|DB2                     ; 65    ; 0              ; 0            ; 0              ; 64     ; 0               ; 0             ; 0               ; 0     ; 0              ; 0            ; 0                ; 0                 ;
; MIC|fft_stream_u|fft_ip_u|SU5|BF2                     ; 128   ; 0              ; 0            ; 0              ; 128    ; 0               ; 0             ; 0               ; 0     ; 0              ; 0            ; 0                ; 0                 ;
; MIC|fft_stream_u|fft_ip_u|SU5|DB1                     ; 65    ; 0              ; 0            ; 0              ; 64     ; 0               ; 0             ; 0               ; 0     ; 0              ; 0            ; 0                ; 0                 ;
; MIC|fft_stream_u|fft_ip_u|SU5|BF1                     ; 128   ; 0              ; 0            ; 0              ; 128    ; 0               ; 0             ; 0               ; 0     ; 0              ; 0            ; 0                ; 0                 ;
; MIC|fft_stream_u|fft_ip_u|SU5                         ; 67    ; 0              ; 0            ; 0              ; 65     ; 0               ; 0             ; 0               ; 0     ; 0              ; 0            ; 0                ; 0                 ;
; MIC|fft_stream_u|fft_ip_u|SU4|MU                      ; 128   ; 0              ; 0            ; 0              ; 64     ; 0               ; 0             ; 0               ; 0     ; 0              ; 0            ; 0                ; 0                 ;
; MIC|fft_stream_u|fft_ip_u|SU4|TW                      ; 11    ; 0              ; 0            ; 0              ; 64     ; 0               ; 0             ; 0               ; 0     ; 0              ; 0            ; 0                ; 0                 ;
; MIC|fft_stream_u|fft_ip_u|SU4|DB2                     ; 65    ; 0              ; 0            ; 0              ; 64     ; 0               ; 0             ; 0               ; 0     ; 0              ; 0            ; 0                ; 0                 ;
; MIC|fft_stream_u|fft_ip_u|SU4|BF2                     ; 128   ; 0              ; 0            ; 0              ; 128    ; 0               ; 0             ; 0               ; 0     ; 0              ; 0            ; 0                ; 0                 ;
; MIC|fft_stream_u|fft_ip_u|SU4|DB1                     ; 65    ; 0              ; 0            ; 0              ; 64     ; 0               ; 0             ; 0               ; 0     ; 0              ; 0            ; 0                ; 0                 ;
; MIC|fft_stream_u|fft_ip_u|SU4|BF1                     ; 128   ; 0              ; 0            ; 0              ; 128    ; 0               ; 0             ; 0               ; 0     ; 0              ; 0            ; 0                ; 0                 ;
; MIC|fft_stream_u|fft_ip_u|SU4                         ; 67    ; 0              ; 0            ; 0              ; 65     ; 0               ; 0             ; 0               ; 0     ; 0              ; 0            ; 0                ; 0                 ;
; MIC|fft_stream_u|fft_ip_u|SU3|MU                      ; 128   ; 0              ; 0            ; 0              ; 64     ; 0               ; 0             ; 0               ; 0     ; 0              ; 0            ; 0                ; 0                 ;
; MIC|fft_stream_u|fft_ip_u|SU3|TW                      ; 11    ; 0              ; 0            ; 0              ; 64     ; 0               ; 0             ; 0               ; 0     ; 0              ; 0            ; 0                ; 0                 ;
; MIC|fft_stream_u|fft_ip_u|SU3|DB2                     ; 65    ; 0              ; 0            ; 0              ; 64     ; 0               ; 0             ; 0               ; 0     ; 0              ; 0            ; 0                ; 0                 ;
; MIC|fft_stream_u|fft_ip_u|SU3|BF2                     ; 128   ; 0              ; 0            ; 0              ; 128    ; 0               ; 0             ; 0               ; 0     ; 0              ; 0            ; 0                ; 0                 ;
; MIC|fft_stream_u|fft_ip_u|SU3|DB1                     ; 65    ; 0              ; 0            ; 0              ; 64     ; 0               ; 0             ; 0               ; 0     ; 0              ; 0            ; 0                ; 0                 ;
; MIC|fft_stream_u|fft_ip_u|SU3|BF1                     ; 128   ; 0              ; 0            ; 0              ; 128    ; 0               ; 0             ; 0               ; 0     ; 0              ; 0            ; 0                ; 0                 ;
; MIC|fft_stream_u|fft_ip_u|SU3                         ; 67    ; 0              ; 0            ; 0              ; 65     ; 0               ; 0             ; 0               ; 0     ; 0              ; 0            ; 0                ; 0                 ;
; MIC|fft_stream_u|fft_ip_u|SU2|MU                      ; 128   ; 0              ; 0            ; 0              ; 64     ; 0               ; 0             ; 0               ; 0     ; 0              ; 0            ; 0                ; 0                 ;
; MIC|fft_stream_u|fft_ip_u|SU2|TW                      ; 11    ; 0              ; 0            ; 0              ; 64     ; 0               ; 0             ; 0               ; 0     ; 0              ; 0            ; 0                ; 0                 ;
; MIC|fft_stream_u|fft_ip_u|SU2|DB2                     ; 65    ; 0              ; 0            ; 0              ; 64     ; 0               ; 0             ; 0               ; 0     ; 0              ; 0            ; 0                ; 0                 ;
; MIC|fft_stream_u|fft_ip_u|SU2|BF2                     ; 128   ; 0              ; 0            ; 0              ; 128    ; 0               ; 0             ; 0               ; 0     ; 0              ; 0            ; 0                ; 0                 ;
; MIC|fft_stream_u|fft_ip_u|SU2|DB1                     ; 65    ; 0              ; 0            ; 0              ; 64     ; 0               ; 0             ; 0               ; 0     ; 0              ; 0            ; 0                ; 0                 ;
; MIC|fft_stream_u|fft_ip_u|SU2|BF1                     ; 128   ; 0              ; 0            ; 0              ; 128    ; 0               ; 0             ; 0               ; 0     ; 0              ; 0            ; 0                ; 0                 ;
; MIC|fft_stream_u|fft_ip_u|SU2                         ; 67    ; 0              ; 0            ; 0              ; 65     ; 0               ; 0             ; 0               ; 0     ; 0              ; 0            ; 0                ; 0                 ;
; MIC|fft_stream_u|fft_ip_u|SU1|MU                      ; 128   ; 0              ; 0            ; 0              ; 64     ; 0               ; 0             ; 0               ; 0     ; 0              ; 0            ; 0                ; 0                 ;
; MIC|fft_stream_u|fft_ip_u|SU1|TW                      ; 11    ; 0              ; 0            ; 0              ; 64     ; 0               ; 0             ; 0               ; 0     ; 0              ; 0            ; 0                ; 0                 ;
; MIC|fft_stream_u|fft_ip_u|SU1|DB2                     ; 65    ; 0              ; 0            ; 0              ; 64     ; 0               ; 0             ; 0               ; 0     ; 0              ; 0            ; 0                ; 0                 ;
; MIC|fft_stream_u|fft_ip_u|SU1|BF2                     ; 128   ; 0              ; 0            ; 0              ; 128    ; 0               ; 0             ; 0               ; 0     ; 0              ; 0            ; 0                ; 0                 ;
; MIC|fft_stream_u|fft_ip_u|SU1|DB1                     ; 65    ; 0              ; 0            ; 0              ; 64     ; 0               ; 0             ; 0               ; 0     ; 0              ; 0            ; 0                ; 0                 ;
; MIC|fft_stream_u|fft_ip_u|SU1|BF1                     ; 128   ; 0              ; 0            ; 0              ; 128    ; 0               ; 0             ; 0               ; 0     ; 0              ; 0            ; 0                ; 0                 ;
; MIC|fft_stream_u|fft_ip_u|SU1                         ; 67    ; 0              ; 0            ; 0              ; 65     ; 0               ; 0             ; 0               ; 0     ; 0              ; 0            ; 0                ; 0                 ;
; MIC|fft_stream_u|fft_ip_u                             ; 67    ; 32             ; 0            ; 32             ; 65     ; 32              ; 32            ; 32              ; 0     ; 0              ; 0            ; 0                ; 0                 ;
; MIC|fft_stream_u                                      ; 46    ; 0              ; 10           ; 0              ; 77     ; 0               ; 0             ; 0               ; 0     ; 0              ; 0            ; 0                ; 0                 ;
; MIC|u_audio_codec_data                                ; 5     ; 10             ; 1            ; 10             ; 27     ; 10              ; 10            ; 10              ; 0     ; 0              ; 0            ; 0                ; 0                 ;
; MIC|fft_out                                           ; 0     ; 0              ; 0            ; 0              ; 0      ; 0               ; 0             ; 0               ; 77    ; 0              ; 77           ; 0                ; 77                ;
; MIC|fft_in                                            ; 0     ; 0              ; 0            ; 0              ; 0      ; 0               ; 0             ; 0               ; 44    ; 0              ; 44           ; 0                ; 44                ;
; MIC|audio_data_out                                    ; 0     ; 0              ; 0            ; 0              ; 0      ; 0               ; 0             ; 0               ; 28    ; 0              ; 28           ; 0                ; 28                ;
; MIC|set_codec_u|u0                                    ; 26    ; 0              ; 0            ; 0              ; 3      ; 0               ; 0             ; 0               ; 1     ; 0              ; 0            ; 0                ; 0                 ;
; MIC|set_codec_u|i2c_tx                                ; 0     ; 0              ; 0            ; 0              ; 0      ; 0               ; 0             ; 0               ; 27    ; 0              ; 27           ; 0                ; 27                ;
; MIC|set_codec_u|pll_u|altpll_component|auto_generated ; 3     ; 0              ; 0            ; 0              ; 6      ; 0               ; 0             ; 0               ; 0     ; 0              ; 0            ; 0                ; 0                 ;
; MIC|set_codec_u|pll_u                                 ; 2     ; 1              ; 0            ; 1              ; 1      ; 1               ; 1             ; 1               ; 0     ; 0              ; 0            ; 0                ; 0                 ;
; MIC|set_codec_u                                       ; 1     ; 0              ; 0            ; 0              ; 1      ; 0               ; 0             ; 0               ; 1     ; 0              ; 0            ; 0                ; 0                 ;
; MIC|adc_pll_u|altpll_component|auto_generated         ; 3     ; 0              ; 0            ; 0              ; 6      ; 0               ; 0             ; 0               ; 0     ; 0              ; 0            ; 0                ; 0                 ;
; MIC|adc_pll_u                                         ; 2     ; 1              ; 0            ; 1              ; 1      ; 1               ; 1             ; 1               ; 0     ; 0              ; 0            ; 0                ; 0                 ;
; MIC                                                   ; 4     ; 0              ; 0            ; 0              ; 3      ; 0               ; 0             ; 0               ; 1     ; 0              ; 0            ; 0                ; 0                 ;
; main_fsm                                              ; 37    ; 15             ; 1            ; 15             ; 18     ; 15              ; 15            ; 15              ; 0     ; 0              ; 0            ; 0                ; 0                 ;
+-------------------------------------------------------+-------+----------------+--------------+----------------+--------+-----------------+---------------+-----------------+-------+----------------+--------------+------------------+-------------------+
